0 0.966063 0.134193 0.050429 0.242688 0.102049
0 0.952347 0.128617 0.047050 0.245063 0.094984
0 0.980337 0.131224 0.038339 0.244777 0.084990
0 0.938131 0.127815 0.048117 0.246969 0.079052
0 0.427070 0.121634 0.060313 0.224929 0.078266
0 0.411839 0.122276 0.059480 0.226358 0.077780
0 0.442407 0.121074 0.061067 0.223708 0.076889
0 0.396473 0.122944 0.058526 0.227938 0.076189
0 0.457899 0.120626 0.061430 0.222779 0.075144
0 0.058554 0.134564 0.051639 0.249409 0.073471
0 0.044193 0.136046 0.049313 0.250411 0.073393
0 0.380902 0.123554 0.057801 0.229508 0.073193
0 0.473425 0.120299 0.061712 0.222197 0.072677
0 0.137420 0.131711 0.048336 0.240671 0.072114
0 0.122287 0.131867 0.050773 0.242496 0.071744
0 0.489007 0.120110 0.061936 0.221952 0.070441
0 0.365344 0.124067 0.057176 0.230968 0.069177
0 0.662498 0.125130 0.056683 0.233245 0.068974
0 0.504687 0.120040 0.061967 0.221940 0.068963
0 0.520326 0.120076 0.061831 0.222163 0.068289
0 0.535990 0.120228 0.061561 0.222632 0.068022
0 0.551791 0.120528 0.061324 0.223405 0.067571
0 0.646801 0.124650 0.057317 0.232232 0.067497
0 0.567538 0.120985 0.060597 0.224511 0.067483
0 0.678165 0.125610 0.056032 0.234303 0.067297
0 0.033124 0.130751 0.056488 0.258182 0.066564
0 0.583251 0.121620 0.059658 0.225941 0.066238
0 0.631078 0.124100 0.057718 0.231070 0.065404
0 0.106417 0.132197 0.052067 0.244578 0.065003
0 0.599178 0.122461 0.058806 0.227691 0.064849
0 0.615222 0.123342 0.058087 0.229505 0.064293
0 0.349852 0.124505 0.056791 0.232293 0.063311
0 0.693717 0.126124 0.055168 0.235466 0.062657
0 0.151811 0.132195 0.047272 0.240306 0.062537
0 0.922464 0.127480 0.049071 0.249170 0.062094
0 0.073665 0.133639 0.053304 0.248451 0.062043
0 0.090061 0.132823 0.053066 0.246729 0.059511
0 0.702380 0.123255 0.048470 0.241886 0.057752
0 0.959935 0.122704 0.040900 0.235685 0.057752
0 0.334369 0.124940 0.055636 0.233537 0.056837
0 0.717922 0.123420 0.048403 0.242378 0.055530
0 0.930201 0.134154 0.050760 0.245493 0.054580
0 0.733458 0.123584 0.048426 0.242929 0.053094
0 0.905993 0.127473 0.048858 0.250501 0.051933
0 0.749058 0.123807 0.048467 0.243536 0.050832
