0 0.519428 0.119986 0.059326 0.224128 0.071984
0 0.503843 0.119935 0.059322 0.224141 0.071806
0 0.488221 0.119910 0.059247 0.224286 0.071047
0 0.472597 0.119918 0.058985 0.224562 0.070325
0 0.535022 0.120101 0.059320 0.224256 0.069847
0 0.457042 0.120001 0.058357 0.224987 0.069623
0 0.441591 0.120212 0.057570 0.225624 0.066582
0 0.550777 0.120333 0.059134 0.224582 0.065161
0 0.422271 0.640867 0.551508 0.695484 0.064869
0 0.426179 0.120582 0.056350 0.226558 0.061200
0 0.566701 0.120751 0.058629 0.225104 0.060383
0 0.639742 0.122638 0.047037 0.237532 0.058610
0 0.624108 0.122233 0.047273 0.237540 0.058083
0 0.582683 0.121354 0.057986 0.225880 0.057709
0 0.614726 0.122852 0.056399 0.227678 0.057652
0 0.598722 0.122107 0.057148 0.226817 0.057285
0 0.655029 0.123207 0.046369 0.237300 0.055941
0 0.410677 0.121120 0.055287 0.227804 0.055578
0 0.395103 0.121773 0.054294 0.229067 0.050917
