0 0.537165 0.637362 0.302675 0.623442 0.230384
0 0.533574 0.537558 0.308834 0.433434 0.215273
0 0.763642 0.740126 0.082219 0.491733 0.122613
0 0.737949 0.725884 0.071836 0.526365 0.119749
0 0.738001 0.722574 0.047721 0.524386 0.101846
0 0.711019 0.705054 0.043644 0.563688 0.101624
0 0.786783 0.753537 0.092748 0.457420 0.101119
0 0.820233 0.770605 0.116549 0.423814 0.078842
0 0.705923 0.714249 0.075928 0.554510 0.078470
0 0.850836 0.777983 0.115484 0.409158 0.070529
0 0.761880 0.744639 0.118812 0.478149 0.064179
0 0.878590 0.785886 0.117699 0.394472 0.059142
