0 0.959655 0.163991 0.052741 0.302371 0.092088
0 0.948856 0.160001 0.047925 0.298591 0.084128
0 0.977747 0.162642 0.038213 0.299354 0.080709
0 0.934047 0.158063 0.049230 0.297237 0.070973
0 0.728590 0.139988 0.053953 0.269665 0.060517
0 0.713269 0.138799 0.053915 0.266836 0.060103
0 0.744049 0.141110 0.054070 0.272241 0.059596
0 0.806368 0.145828 0.053003 0.281549 0.059254
0 0.790859 0.144658 0.053648 0.279410 0.059072
0 0.917692 0.156014 0.051031 0.296325 0.058893
0 0.759609 0.142317 0.054074 0.274821 0.058713
0 0.775227 0.143439 0.054056 0.277118 0.058456
0 0.821967 0.147105 0.052134 0.283877 0.058018
0 0.697899 0.137655 0.054175 0.263988 0.057574
0 0.837590 0.148298 0.051568 0.286040 0.056348
0 0.853223 0.149571 0.051300 0.288319 0.054432
0 0.682346 0.136462 0.054748 0.261039 0.053485
0 0.988950 0.164706 0.022099 0.304232 0.053396
0 0.868905 0.150795 0.051227 0.290444 0.052539
0 0.900876 0.153870 0.051360 0.294819 0.052465
0 0.884745 0.152267 0.051159 0.292783 0.051720
0 0.490383 0.706804 0.980765 0.586393 0.050868
