0 0.965758 0.134459 0.051412 0.243258 0.103802
0 0.952162 0.127809 0.047341 0.243150 0.096517
0 0.980258 0.130827 0.038604 0.244070 0.085983
0 0.937898 0.126818 0.048294 0.244386 0.081477
0 0.922225 0.126295 0.049094 0.245977 0.064982
0 0.930118 0.133874 0.051770 0.244807 0.062584
0 0.717900 0.122286 0.048488 0.239712 0.057436
0 0.733348 0.122440 0.048541 0.240263 0.056301
0 0.694190 0.125408 0.056254 0.233048 0.056185
0 0.905803 0.126105 0.048872 0.246852 0.054880
0 0.748922 0.122662 0.048557 0.240921 0.054186
0 0.914053 0.133268 0.052286 0.245583 0.053069
0 0.764549 0.122962 0.048549 0.241688 0.052068
0 0.678764 0.125171 0.056981 0.232524 0.052003
0 0.811437 0.124219 0.048291 0.244157 0.051551
0 0.826968 0.124858 0.048018 0.245101 0.051488
0 0.889703 0.126082 0.048527 0.247277 0.051032
0 0.795907 0.123697 0.048491 0.243277 0.051001
0 0.780251 0.123273 0.048561 0.242440 0.050821
0 0.842501 0.125404 0.047970 0.246042 0.050757
