0 0.503916 0.120035 0.059184 0.224241 0.069660
0 0.519511 0.120095 0.059215 0.224236 0.069613
0 0.488283 0.120000 0.059106 0.224377 0.069357
0 0.472648 0.120000 0.058834 0.224638 0.069068
0 0.457097 0.120075 0.058183 0.225046 0.068548
0 0.535124 0.120221 0.059215 0.224370 0.067605
0 0.441653 0.120282 0.057399 0.225664 0.065192
0 0.550877 0.120464 0.059008 0.224704 0.063288
0 0.426243 0.120648 0.056171 0.226579 0.059212
0 0.566786 0.120896 0.058494 0.225248 0.058692
0 0.639768 0.122654 0.046991 0.237599 0.057918
0 0.624141 0.122263 0.047235 0.237648 0.057677
0 0.608398 0.121864 0.047231 0.237343 0.056431
0 0.576892 0.120874 0.047075 0.235791 0.055910
0 0.592647 0.121399 0.047159 0.236734 0.055302
0 0.655051 0.123195 0.046305 0.237293 0.054932
0 0.410728 0.121184 0.055113 0.227816 0.053160
