0 0.960388 0.101104 0.066566 0.185488 0.134029
0 0.945251 0.100457 0.065900 0.185374 0.133973
0 0.952349 0.100751 0.046373 0.191735 0.124892
0 0.967677 0.100812 0.046912 0.190676 0.123941
0 0.498965 0.573186 0.986597 0.853628 0.119913
0 0.931273 0.099473 0.065688 0.185452 0.119468
0 0.938150 0.099728 0.046558 0.193442 0.110019
0 0.915856 0.098623 0.065742 0.186933 0.102219
0 0.980433 0.102756 0.039134 0.191485 0.093600
0 0.922522 0.099076 0.047036 0.195018 0.091093
0 0.899152 0.097795 0.065329 0.188099 0.088954
0 0.882150 0.097283 0.064759 0.188396 0.082344
0 0.718265 0.096765 0.046995 0.192350 0.080241
0 0.702843 0.096937 0.046912 0.192664 0.080153
0 0.866020 0.096982 0.064096 0.188255 0.078500
0 0.687151 0.097170 0.047120 0.193252 0.077958
0 0.733732 0.096698 0.047181 0.192378 0.076947
0 0.850667 0.096726 0.064143 0.187850 0.076778
0 0.835084 0.096528 0.063602 0.187503 0.075620
0 0.663670 0.096946 0.063849 0.188333 0.074423
0 0.819435 0.096430 0.063446 0.187489 0.074275
0 0.749386 0.096745 0.047258 0.192612 0.072795
0 0.648094 0.096754 0.063076 0.188375 0.071969
0 0.803981 0.096399 0.063803 0.187654 0.071877
0 0.765022 0.096779 0.047361 0.192785 0.069663
0 0.788520 0.096369 0.064337 0.187873 0.069000
0 0.632067 0.096228 0.061753 0.187844 0.068530
0 0.607989 0.094419 0.048063 0.188246 0.067539
0 0.592515 0.093049 0.048193 0.185704 0.064852
0 0.577121 0.091800 0.048169 0.183480 0.055802
