0 0.963711 0.088319 0.057441 0.167728 0.110069
0 0.948968 0.087808 0.056888 0.167897 0.108320
0 0.935646 0.086206 0.056448 0.168571 0.091728
0 0.976992 0.088925 0.046016 0.164452 0.081502
0 0.919661 0.085187 0.057845 0.168760 0.073647
0 0.902419 0.084344 0.058208 0.167567 0.061457
0 0.807076 0.082015 0.060476 0.162159 0.060279
0 0.822615 0.082140 0.060023 0.162183 0.060243
0 0.229332 0.081936 0.061429 0.162191 0.059236
0 0.245045 0.081836 0.060700 0.161802 0.059121
0 0.213299 0.082065 0.061747 0.162270 0.058843
0 0.791820 0.081965 0.060680 0.162225 0.058652
0 0.838209 0.082303 0.059495 0.162559 0.058592
0 0.197320 0.082212 0.061439 0.162182 0.058557
0 0.181677 0.082445 0.060811 0.162173 0.057973
0 0.853565 0.082577 0.059350 0.163383 0.056432
0 0.885668 0.083575 0.058443 0.165994 0.056249
0 0.776210 0.081909 0.060955 0.162315 0.056176
0 0.166559 0.082717 0.060028 0.162432 0.055173
0 0.760373 0.081811 0.060840 0.162299 0.054621
0 0.869336 0.082992 0.059107 0.164594 0.054599
0 0.260177 0.081964 0.059281 0.160702 0.054095
0 0.744760 0.081659 0.060658 0.162062 0.053335
0 0.729200 0.081503 0.060431 0.161596 0.052592
0 0.713739 0.081432 0.060113 0.161118 0.052040
0 0.698353 0.081421 0.060271 0.160834 0.050144
