0 0.967561 0.128106 0.045763 0.242325 0.100180
0 0.952351 0.127686 0.046836 0.243534 0.095120
0 0.980442 0.130230 0.038338 0.243296 0.083829
0 0.938121 0.126903 0.047839 0.245351 0.079743
0 0.922467 0.126579 0.048746 0.247487 0.062962
0 0.960030 0.121552 0.040696 0.233821 0.059877
0 0.677910 0.125442 0.054956 0.235024 0.057512
0 0.702568 0.123729 0.047562 0.242520 0.056939
0 0.662253 0.124841 0.055829 0.233775 0.056693
0 0.686883 0.123622 0.047892 0.242126 0.056616
0 0.718072 0.123787 0.047500 0.242964 0.055626
0 0.534976 0.119025 0.059703 0.223273 0.054856
0 0.550663 0.119320 0.059774 0.224102 0.054282
0 0.646482 0.124209 0.056411 0.232585 0.054150
0 0.566556 0.119840 0.059129 0.225088 0.053245
0 0.733584 0.123832 0.047552 0.243413 0.053050
0 0.906057 0.126589 0.048517 0.248808 0.052807
0 0.630646 0.123492 0.056673 0.231315 0.051717
0 0.519852 0.119014 0.059456 0.222401 0.051712
0 0.582389 0.120564 0.058331 0.226367 0.051525
0 0.608080 0.120747 0.047447 0.235916 0.051016
0 0.592463 0.119879 0.047306 0.234265 0.050979
0 0.749193 0.123932 0.047634 0.243860 0.050377
