0 0.967577 0.128857 0.046020 0.243794 0.099542
0 0.952415 0.128403 0.047176 0.244999 0.094063
0 0.980346 0.130987 0.038453 0.244674 0.083770
0 0.938214 0.127623 0.048225 0.246877 0.078285
0 0.693717 0.126296 0.054671 0.235436 0.075753
0 0.678216 0.125809 0.055522 0.234316 0.074450
0 0.709231 0.126783 0.053942 0.236625 0.074002
0 0.662577 0.125344 0.056219 0.233336 0.070905
0 0.724819 0.127268 0.053489 0.237832 0.069453
0 0.646790 0.124847 0.056795 0.232362 0.066749
0 0.733430 0.123784 0.048015 0.242806 0.064443
0 0.631003 0.124284 0.057031 0.231211 0.064196
0 0.583218 0.121711 0.058793 0.226017 0.064159
0 0.599085 0.122591 0.058016 0.227793 0.063278
0 0.567569 0.121036 0.059831 0.224571 0.063116
0 0.615131 0.123505 0.057346 0.229634 0.062817
0 0.922552 0.127294 0.049163 0.249056 0.061507
0 0.749067 0.123908 0.048074 0.243391 0.060722
0 0.551882 0.120524 0.060552 0.223444 0.059473
0 0.959977 0.122517 0.040980 0.235581 0.057322
0 0.764731 0.124090 0.048130 0.244126 0.056999
0 0.536059 0.120161 0.060814 0.222697 0.055797
0 0.441923 0.120648 0.059197 0.223361 0.054520
0 0.780425 0.124317 0.048172 0.244858 0.054421
0 0.457231 0.120107 0.059730 0.222971 0.053472
0 0.796040 0.124692 0.048123 0.245708 0.053285
0 0.520262 0.119921 0.060873 0.222282 0.052859
0 0.811566 0.125201 0.047983 0.246701 0.052128
0 0.906067 0.127282 0.048920 0.250351 0.051488
0 0.472840 0.119811 0.060306 0.222569 0.051054
0 0.504483 0.119781 0.060848 0.222145 0.050995
0 0.827109 0.125858 0.047799 0.247896 0.050241
0 0.488615 0.119732 0.060678 0.222267 0.050073
