0 0.965726 0.134544 0.051455 0.244267 0.102321
0 0.952266 0.127822 0.047267 0.243626 0.096031
0 0.503137 0.933201 0.970853 0.133599 0.085975
0 0.980288 0.130824 0.038566 0.244357 0.084981
0 0.938014 0.126870 0.048189 0.244992 0.080353
0 0.922355 0.126370 0.048966 0.246730 0.063454
0 0.930034 0.133829 0.051569 0.245697 0.058529
0 0.709295 0.125581 0.055215 0.234415 0.054312
0 0.717989 0.122448 0.048317 0.240529 0.054215
0 0.693932 0.125306 0.055920 0.233605 0.054115
0 0.905941 0.126197 0.048721 0.247722 0.053103
0 0.733455 0.122597 0.048339 0.241088 0.053011
0 0.477734 0.926538 0.693439 0.142599 0.052482
0 0.678482 0.125073 0.056669 0.233032 0.051351
0 0.749034 0.122809 0.048346 0.241748 0.050893
