0 0.409962 0.615867 0.532266 0.751726 0.565537
0 0.417518 0.626082 0.789940 0.735135 0.326648
0 0.711473 0.683395 0.044859 0.617092 0.167700
0 0.680447 0.678467 0.049562 0.629725 0.166113
0 0.741744 0.690057 0.041985 0.599430 0.142854
0 0.738468 0.702442 0.062893 0.580210 0.141867
0 0.770342 0.714955 0.059365 0.551582 0.134778
0 0.706128 0.682853 0.068234 0.621008 0.126960
0 0.800591 0.730946 0.057151 0.514671 0.118983
0 0.650107 0.663341 0.052405 0.661444 0.116880
0 0.771405 0.703057 0.042133 0.567262 0.114611
0 0.829585 0.747110 0.056033 0.476731 0.100147
0 0.668274 0.676120 0.050431 0.647760 0.083250
0 0.857362 0.759397 0.061779 0.447730 0.078202
0 0.673072 0.666282 0.075483 0.654220 0.078190
0 0.822117 0.755974 0.099702 0.456117 0.068461
0 0.641303 0.669265 0.056704 0.661471 0.067358
0 0.852996 0.766204 0.101310 0.434961 0.064307
0 0.791193 0.740618 0.101283 0.489227 0.063844
0 0.653330 0.653326 0.076535 0.656023 0.058745
0 0.494999 0.066929 0.057615 0.132936 0.058195
0 0.479448 0.066574 0.057624 0.132388 0.058176
0 0.541306 0.067160 0.058034 0.132922 0.058102
0 0.557235 0.067201 0.057660 0.132904 0.057921
0 0.525793 0.067345 0.057521 0.133116 0.056882
0 0.695323 0.682339 0.057400 0.635322 0.056757
0 0.881177 0.765400 0.079626 0.435779 0.055903
0 0.510463 0.067264 0.057515 0.133205 0.055889
0 0.463950 0.066417 0.057334 0.132171 0.054878
0 0.572599 0.067453 0.056833 0.133209 0.052853
0 0.760626 0.712850 0.103948 0.547096 0.051252
