0 0.492588 0.694000 0.416833 0.599074 0.160751
0 0.522178 0.692399 0.667906 0.615202 0.148112
0 0.493642 0.638350 0.330685 0.540413 0.123624
0 0.377348 0.701871 0.641836 0.596259 0.120177
0 0.492530 0.741227 0.323567 0.488871 0.104263
0 0.856023 0.076657 0.049763 0.149012 0.087751
0 0.840396 0.078808 0.050473 0.153747 0.084459
0 0.824836 0.080465 0.050078 0.157231 0.082648
0 0.809291 0.082354 0.049557 0.160764 0.080796
0 0.871882 0.074260 0.049179 0.143677 0.079902
0 0.794557 0.084990 0.048444 0.165581 0.079474
0 0.779519 0.088488 0.048252 0.172277 0.070006
0 0.885985 0.072339 0.049105 0.139009 0.060726
0 0.504330 0.535129 0.353975 0.428364 0.058640
0 0.521448 0.124714 0.055495 0.233090 0.057723
0 0.505834 0.124586 0.055627 0.232963 0.057209
0 0.490185 0.124600 0.055546 0.233254 0.056121
0 0.536996 0.125013 0.055164 0.233646 0.056093
0 0.763976 0.093000 0.048090 0.181178 0.055199
0 0.474553 0.124789 0.055276 0.233974 0.054893
0 0.459056 0.125300 0.054690 0.235383 0.052657
0 0.560990 0.123027 0.047962 0.240093 0.051997
