0 0.967448 0.128479 0.046511 0.242943 0.098206
0 0.952251 0.127829 0.047769 0.243657 0.093821
0 0.980221 0.130890 0.038789 0.244443 0.081792
0 0.938107 0.126851 0.048812 0.245056 0.078685
0 0.922472 0.126341 0.049645 0.246790 0.062000
0 0.960085 0.121664 0.041352 0.233875 0.055285
0 0.717969 0.122422 0.048719 0.240535 0.054023
0 0.930236 0.133834 0.052389 0.245444 0.053897
0 0.702523 0.122259 0.048775 0.240119 0.053225
0 0.733418 0.122569 0.048777 0.241061 0.052749
0 0.905958 0.126164 0.049275 0.247719 0.051711
0 0.748992 0.122788 0.048790 0.241703 0.050657
0 0.686889 0.122081 0.049084 0.239889 0.050305
