0 0.538035 0.498201 0.324178 0.354369 0.534144
0 0.539696 0.632470 0.316938 0.614830 0.438312
0 0.540791 0.434612 0.332142 0.227215 0.159393
0 0.767964 0.741413 0.068635 0.488383 0.124573
0 0.739790 0.729125 0.066128 0.519252 0.107479
0 0.791936 0.753209 0.075346 0.456920 0.107268
0 0.739288 0.727154 0.043812 0.511085 0.092027
0 0.819983 0.770457 0.107334 0.424710 0.091059
0 0.789800 0.760280 0.109080 0.444892 0.089904
0 0.850719 0.778243 0.107799 0.409230 0.081719
0 0.729864 0.141224 0.050987 0.263390 0.069906
0 0.714360 0.140077 0.052587 0.262801 0.069426
0 0.745444 0.142643 0.050845 0.263633 0.069191
0 0.761527 0.747113 0.112397 0.473375 0.067730
0 0.878231 0.786481 0.109468 0.393696 0.067425
0 0.710686 0.708729 0.043437 0.552868 0.065041
0 0.698927 0.139124 0.053805 0.261981 0.063272
0 0.760669 0.144422 0.051596 0.261555 0.055157
0 0.706265 0.717587 0.075103 0.547248 0.052111
0 0.683348 0.138071 0.054972 0.260865 0.051593
