0 0.959430 0.166378 0.051765 0.308556 0.112718
0 0.950679 0.165086 0.074977 0.318330 0.105197
0 0.942336 0.165727 0.053245 0.309660 0.102497
0 0.975528 0.165261 0.040458 0.310836 0.093730
0 0.926780 0.165222 0.054601 0.311063 0.087459
0 0.966883 0.162285 0.059911 0.324571 0.077356
0 0.910557 0.164522 0.055803 0.312548 0.075837
0 0.894202 0.163800 0.055529 0.313354 0.069111
0 0.878345 0.163297 0.054906 0.313190 0.067575
0 0.862642 0.162727 0.054658 0.312543 0.066380
0 0.847021 0.162078 0.054462 0.311597 0.065434
0 0.831372 0.161250 0.054765 0.310152 0.063182
0 0.988709 0.166309 0.022581 0.308598 0.061406
0 0.821552 0.158914 0.048501 0.306986 0.060077
0 0.805985 0.157336 0.049774 0.304201 0.058448
0 0.935782 0.160775 0.068548 0.321551 0.056443
0 0.790494 0.155725 0.050822 0.301423 0.055566
0 0.774840 0.153887 0.051607 0.298324 0.052329
0 0.759095 0.152095 0.052041 0.295225 0.050211
