0 0.965638 0.135121 0.052132 0.243661 0.100098
0 0.952062 0.127882 0.047671 0.243175 0.093028
0 0.980193 0.130876 0.038767 0.244020 0.081917
0 0.937835 0.126898 0.048611 0.244443 0.078855
0 0.709790 0.126408 0.055887 0.234705 0.078590
0 0.694492 0.126191 0.056624 0.234010 0.076175
0 0.725150 0.126871 0.055471 0.235930 0.076090
0 0.740735 0.127617 0.054987 0.237609 0.070152
0 0.679040 0.126055 0.057347 0.233728 0.069713
0 0.922168 0.126382 0.049371 0.246059 0.063309
0 0.756341 0.128535 0.054362 0.239541 0.063265
0 0.663365 0.125920 0.057702 0.233671 0.062321
0 0.772030 0.129523 0.053923 0.241518 0.056683
0 0.647530 0.125603 0.058102 0.233321 0.056612
0 0.287255 0.126076 0.054543 0.235494 0.055616
0 0.271837 0.126905 0.053810 0.237243 0.055605
0 0.795775 0.124610 0.048663 0.244872 0.054996
0 0.302751 0.125486 0.055240 0.234202 0.054428
0 0.811325 0.124993 0.048472 0.245513 0.054370
0 0.365516 0.124323 0.057287 0.231408 0.054094
0 0.350009 0.124622 0.057040 0.232020 0.054089
0 0.905721 0.126212 0.049105 0.246974 0.053814
0 0.631622 0.124983 0.058383 0.232319 0.053738
0 0.334293 0.124843 0.056765 0.232557 0.053318
0 0.826853 0.125471 0.048229 0.246172 0.053285
0 0.256403 0.127880 0.053212 0.239238 0.053155
0 0.318451 0.125083 0.056127 0.233223 0.053132
0 0.914237 0.133707 0.053062 0.246046 0.052736
0 0.615629 0.123922 0.058688 0.230362 0.052408
0 0.787759 0.130484 0.053467 0.243281 0.052028
0 0.380891 0.123817 0.057474 0.230387 0.051853
0 0.842384 0.125867 0.048187 0.246825 0.051732
0 0.599578 0.122681 0.059537 0.227876 0.051428
0 0.889606 0.126236 0.048748 0.247487 0.050338
0 0.857978 0.126135 0.048326 0.247404 0.050219
