0 0.965732 0.135091 0.051263 0.243153 0.099603
0 0.951841 0.128329 0.046942 0.243258 0.090421
0 0.979420 0.137570 0.040833 0.243550 0.082449
0 0.937412 0.127428 0.047614 0.244259 0.077190
0 0.921669 0.126964 0.048187 0.245640 0.063071
0 0.709689 0.126249 0.055229 0.233896 0.059762
0 0.694341 0.125980 0.055866 0.233116 0.058662
0 0.725102 0.126685 0.054892 0.235031 0.057614
0 0.678890 0.125747 0.056522 0.232559 0.054526
0 0.905361 0.126788 0.048098 0.246475 0.054194
0 0.748587 0.123246 0.047920 0.240639 0.053973
0 0.764216 0.123559 0.047913 0.241424 0.051975
0 0.826654 0.125535 0.047442 0.244957 0.051359
0 0.811107 0.124886 0.047694 0.243999 0.051340
0 0.795560 0.124344 0.047871 0.243084 0.050863
0 0.779908 0.123894 0.047926 0.242209 0.050761
0 0.842186 0.126082 0.047394 0.245864 0.050678
0 0.889324 0.126757 0.047885 0.246910 0.050556
