0 0.408273 0.616364 0.535523 0.750846 0.558702
0 0.413389 0.626556 0.786255 0.734405 0.319530
0 0.711461 0.683351 0.044897 0.617240 0.167579
0 0.680445 0.678446 0.049562 0.629800 0.166107
0 0.741731 0.689878 0.042058 0.599879 0.142578
0 0.738413 0.702172 0.063049 0.580746 0.141066
0 0.770264 0.714691 0.059616 0.552147 0.133966
0 0.706108 0.682627 0.068284 0.621454 0.126427
0 0.800527 0.730510 0.057469 0.515633 0.118388
0 0.650112 0.663327 0.052391 0.661514 0.116930
0 0.771400 0.702446 0.042266 0.568626 0.114251
0 0.829575 0.746640 0.056290 0.477809 0.099886
0 0.668279 0.676093 0.050393 0.647814 0.083303
0 0.857396 0.758980 0.061833 0.448696 0.078163
0 0.673092 0.666207 0.075424 0.654383 0.078011
0 0.822101 0.755773 0.099974 0.456540 0.067692
0 0.641313 0.669258 0.056665 0.661485 0.067415
0 0.853005 0.766029 0.101454 0.435304 0.063883
0 0.791159 0.740318 0.101598 0.489841 0.062807
0 0.653329 0.653317 0.076504 0.656057 0.058888
0 0.495004 0.066918 0.057622 0.132865 0.058372
0 0.479451 0.066560 0.057632 0.132308 0.058366
0 0.541305 0.067159 0.058040 0.132874 0.058241
0 0.557235 0.067201 0.057662 0.132861 0.058027
0 0.525793 0.067342 0.057528 0.133061 0.057045
0 0.695330 0.682248 0.057429 0.635505 0.056621
0 0.510467 0.067258 0.057522 0.133142 0.056057
0 0.881222 0.764737 0.079538 0.437202 0.055905
0 0.463950 0.066399 0.057341 0.132084 0.055097
0 0.572599 0.067454 0.056832 0.133170 0.052930
0 0.760593 0.712465 0.104192 0.547860 0.050292
