0 0.492921 0.693964 0.411085 0.598989 0.157433
0 0.523736 0.692481 0.660412 0.615038 0.143124
0 0.493729 0.638784 0.330284 0.541705 0.122860
0 0.377538 0.701989 0.638393 0.596023 0.114281
0 0.492651 0.741222 0.323235 0.488948 0.103761
0 0.856023 0.076654 0.049761 0.149013 0.087681
0 0.840396 0.078806 0.050470 0.153748 0.084400
0 0.824837 0.080464 0.050075 0.157234 0.082597
0 0.809292 0.082354 0.049553 0.160768 0.080757
0 0.871883 0.074258 0.049176 0.143678 0.079828
0 0.794557 0.084992 0.048440 0.165588 0.079450
0 0.779520 0.088491 0.048249 0.172287 0.069997
0 0.885986 0.072337 0.049103 0.139012 0.060653
0 0.521461 0.124703 0.055532 0.233027 0.059064
0 0.504292 0.535172 0.353392 0.428519 0.058528
0 0.505865 0.124616 0.055629 0.232992 0.058461
0 0.536996 0.124982 0.055213 0.233530 0.057289
0 0.490230 0.124680 0.055515 0.233391 0.057120
0 0.474596 0.124900 0.055223 0.234182 0.055614
0 0.763976 0.093005 0.048088 0.181192 0.055206
0 0.459083 0.125407 0.054631 0.235592 0.053177
0 0.560988 0.123076 0.047968 0.240128 0.052440
0 0.576607 0.123099 0.047888 0.240269 0.050071
