0 0.502203 0.593681 0.985258 0.812638 0.445574
0 0.590625 0.082788 0.050783 0.161931 0.097192
0 0.606105 0.083108 0.051144 0.162433 0.096781
0 0.575247 0.082518 0.050338 0.161579 0.094288
0 0.621775 0.083423 0.051381 0.163034 0.094015
0 0.700770 0.084004 0.050565 0.165448 0.093728
0 0.685171 0.083921 0.050775 0.165057 0.093102
0 0.716165 0.084207 0.050599 0.166185 0.092165
0 0.669275 0.083911 0.051147 0.164738 0.091648
0 0.637591 0.083653 0.051471 0.163703 0.091623
0 0.653353 0.083826 0.051393 0.164291 0.090852
0 0.559952 0.082354 0.049727 0.161351 0.089405
0 0.731662 0.084565 0.050630 0.167245 0.087592
0 0.747307 0.084957 0.050570 0.168324 0.081165
0 0.544969 0.082331 0.048661 0.161168 0.079410
0 0.763006 0.085136 0.050489 0.168930 0.075330
0 0.778906 0.085112 0.050328 0.168940 0.071400
0 0.794493 0.084996 0.050232 0.168582 0.070414
0 0.809809 0.084953 0.050259 0.168385 0.069534
0 0.951298 0.093413 0.047010 0.180281 0.067926
0 0.966614 0.093173 0.048628 0.179157 0.067655
0 0.825322 0.085169 0.049987 0.168734 0.066391
0 0.530512 0.082524 0.046973 0.161169 0.062389
0 0.840932 0.085672 0.049619 0.169872 0.061367
0 0.937427 0.092508 0.046454 0.181271 0.057943
0 0.856537 0.086503 0.049389 0.171883 0.054416
0 0.979970 0.094585 0.040059 0.178587 0.051690
