0 0.630718 0.124108 0.055930 0.229354 0.060379
0 0.615139 0.123111 0.056930 0.227964 0.059747
0 0.639623 0.121730 0.047315 0.235800 0.057562
0 0.598991 0.121841 0.058127 0.225993 0.055816
0 0.530126 0.116651 0.046757 0.228075 0.055298
0 0.514613 0.116289 0.046616 0.227571 0.054794
0 0.545625 0.117213 0.046949 0.229095 0.054604
0 0.499074 0.116112 0.046552 0.227539 0.053865
0 0.654884 0.122305 0.046637 0.235620 0.053772
0 0.483463 0.116164 0.046528 0.227915 0.053024
0 0.561183 0.117994 0.047150 0.230614 0.052756
0 0.467868 0.116505 0.046460 0.228793 0.052265
0 0.582816 0.120641 0.059115 0.224264 0.051835
0 0.452350 0.117097 0.046353 0.230215 0.050032
