0 0.960753 0.125475 0.056548 0.226867 0.126246
0 0.943852 0.125503 0.054790 0.227499 0.116092
0 0.929123 0.125401 0.055005 0.228489 0.101220
0 0.979988 0.126723 0.040025 0.224352 0.098054
0 0.849057 0.122777 0.057592 0.226612 0.090424
0 0.913242 0.125334 0.055520 0.229553 0.089227
0 0.864650 0.123455 0.056657 0.227818 0.089134
0 0.880572 0.124265 0.055955 0.229085 0.085514
0 0.833419 0.122164 0.058662 0.225621 0.083992
0 0.896872 0.124949 0.055647 0.229888 0.083206
0 0.960308 0.118512 0.040332 0.226786 0.074799
0 0.817469 0.121408 0.059658 0.224630 0.072739
0 0.146258 0.122648 0.058620 0.225538 0.067174
0 0.606669 0.091160 0.051728 0.180304 0.067002
0 0.590599 0.088954 0.054093 0.175781 0.066534
0 0.702431 0.102113 0.047257 0.199826 0.066346
0 0.717816 0.103264 0.047361 0.201477 0.065913
0 0.686756 0.101077 0.047457 0.198507 0.065703
0 0.622955 0.094065 0.049545 0.186052 0.065535
0 0.161271 0.122002 0.059627 0.224092 0.064826
0 0.671061 0.100088 0.047589 0.196967 0.064562
0 0.970340 0.124549 0.053764 0.235225 0.064446
0 0.639305 0.096825 0.048196 0.191331 0.064091
0 0.655370 0.098773 0.047655 0.194824 0.063878
0 0.733122 0.104754 0.047516 0.203879 0.063193
0 0.574572 0.087509 0.056331 0.172698 0.061963
0 0.131248 0.123307 0.057795 0.226908 0.061862
0 0.748550 0.106524 0.047519 0.207061 0.059582
0 0.795637 0.114020 0.047811 0.220788 0.059312
0 0.176829 0.121324 0.060234 0.222483 0.059057
0 0.764244 0.108636 0.047505 0.210935 0.056702
0 0.780048 0.111101 0.047578 0.215527 0.056620
0 0.249478 0.111104 0.046234 0.213148 0.053990
0 0.558493 0.086535 0.057873 0.170655 0.053881
0 0.264765 0.109348 0.045106 0.208079 0.052761
0 0.192745 0.120480 0.060710 0.220350 0.052396
0 0.115730 0.123881 0.056680 0.228116 0.052190
0 0.989975 0.129375 0.020050 0.233430 0.052144
0 0.232529 0.117159 0.050227 0.216714 0.051311
