0 0.274805 0.092097 0.055582 0.181820 0.097883
0 0.294927 0.090603 0.049352 0.179632 0.093449
0 0.258840 0.091634 0.056074 0.181633 0.091771
0 0.964520 0.161705 0.047643 0.300115 0.086167
0 0.310133 0.090958 0.049580 0.180590 0.086137
0 0.243730 0.090300 0.053932 0.179016 0.084225
0 0.948641 0.159912 0.048629 0.299378 0.079316
0 0.977544 0.162263 0.038549 0.300566 0.075807
0 0.232276 0.086335 0.049866 0.171322 0.074851
0 0.325682 0.091229 0.049446 0.181742 0.074042
0 0.216542 0.083509 0.048762 0.165000 0.066956
0 0.933921 0.158126 0.049769 0.298020 0.066735
0 0.341534 0.091385 0.049031 0.182585 0.062179
0 0.951948 0.165163 0.069636 0.317994 0.061710
0 0.821987 0.147237 0.051997 0.284837 0.058671
0 0.806405 0.145874 0.052789 0.282461 0.058311
0 0.837552 0.148502 0.051510 0.287026 0.057954
0 0.790848 0.144611 0.053435 0.280276 0.056851
0 0.917592 0.156191 0.051443 0.297136 0.055843
0 0.853124 0.149826 0.051330 0.289310 0.055759
0 0.775164 0.143257 0.053843 0.277883 0.055480
0 0.728524 0.139418 0.053795 0.270024 0.055175
0 0.759521 0.142000 0.053878 0.275470 0.054993
0 0.743961 0.140652 0.053896 0.272740 0.054988
0 0.713250 0.138119 0.053663 0.267060 0.054584
0 0.201252 0.080228 0.047793 0.157609 0.054001
0 0.868793 0.151081 0.051364 0.291387 0.052864
0 0.357260 0.091410 0.048641 0.182821 0.052714
0 0.697933 0.136886 0.053756 0.264104 0.052123
0 0.884631 0.152558 0.051411 0.293654 0.050807
0 0.900768 0.154127 0.051689 0.295644 0.050496
