0 0.503936 0.120073 0.059274 0.224273 0.071738
0 0.519524 0.120137 0.059293 0.224274 0.071717
0 0.488311 0.120032 0.059195 0.224408 0.071229
0 0.472684 0.120026 0.058913 0.224672 0.070584
0 0.457138 0.120095 0.058243 0.225091 0.069564
0 0.535137 0.120267 0.059282 0.224418 0.069562
0 0.441692 0.120297 0.057441 0.225728 0.065668
0 0.550900 0.120511 0.059073 0.224764 0.064971
0 0.566813 0.120941 0.058549 0.225315 0.060063
0 0.426275 0.120660 0.056191 0.226665 0.059212
0 0.639768 0.122668 0.047014 0.237619 0.058333
0 0.624142 0.122286 0.047265 0.237692 0.058075
0 0.582787 0.121559 0.057894 0.226125 0.056912
0 0.608398 0.121901 0.047267 0.237417 0.056839
0 0.598825 0.122335 0.057034 0.227102 0.055801
0 0.655051 0.123204 0.046323 0.237295 0.055352
0 0.410753 0.121193 0.055127 0.227920 0.052853
