0 0.965664 0.134652 0.051955 0.244075 0.101428
0 0.952223 0.127774 0.047598 0.243441 0.095619
0 0.980221 0.130807 0.038738 0.244261 0.083989
0 0.938030 0.126803 0.048593 0.244778 0.080346
0 0.922392 0.126293 0.049414 0.246472 0.063610
0 0.930172 0.133930 0.052440 0.245570 0.057893
0 0.717957 0.122314 0.048672 0.240249 0.055001
0 0.702503 0.122146 0.048720 0.239790 0.054386
0 0.733415 0.122466 0.048720 0.240805 0.053605
0 0.905933 0.126107 0.049110 0.247392 0.053339
0 0.686869 0.121962 0.049001 0.239501 0.051691
0 0.748996 0.122682 0.048725 0.241459 0.051417
