0 0.500058 0.735665 0.999885 0.528670 0.632275
0 0.008886 0.162502 0.017771 0.313674 0.125946
0 0.046863 0.156950 0.062291 0.313900 0.095799
0 0.064645 0.156448 0.065801 0.312897 0.094453
0 0.019542 0.160432 0.037714 0.315730 0.089800
0 0.080376 0.155698 0.070008 0.311396 0.087915
0 0.032242 0.157991 0.055623 0.313288 0.086244
0 0.095959 0.154341 0.071455 0.308683 0.071437
0 0.987772 0.159598 0.024457 0.309442 0.070938
0 0.980103 0.159156 0.039713 0.312793 0.069625
0 0.112129 0.152403 0.068928 0.304806 0.055434
0 0.161397 0.145808 0.052915 0.291616 0.052050
0 0.012752 0.164331 0.025504 0.327606 0.051591
0 0.146089 0.147532 0.053007 0.295064 0.051059
0 0.176802 0.144403 0.053095 0.288807 0.050740
0 0.130096 0.149347 0.053682 0.298693 0.050201
