0 0.500059 0.735652 0.999882 0.528695 0.631875
0 0.008886 0.162502 0.017771 0.313679 0.125932
0 0.046862 0.156951 0.062285 0.313901 0.095772
0 0.064645 0.156449 0.065794 0.312899 0.094408
0 0.019542 0.160432 0.037714 0.315735 0.089791
0 0.080377 0.155699 0.069999 0.311398 0.087866
0 0.032242 0.157990 0.055620 0.313293 0.086232
0 0.095960 0.154342 0.071445 0.308684 0.071397
0 0.987772 0.159598 0.024456 0.309443 0.070927
0 0.980103 0.159157 0.039712 0.312796 0.069616
0 0.112129 0.152404 0.068917 0.304808 0.055404
0 0.161396 0.145809 0.052905 0.291618 0.052036
0 0.012752 0.164331 0.025503 0.327605 0.051582
0 0.146088 0.147533 0.052996 0.295066 0.051046
0 0.176801 0.144404 0.053084 0.288808 0.050724
0 0.130095 0.149347 0.053672 0.298695 0.050188
